-2.2048
0.68361
0.65064
-1.1447
1.6048
1.0758
1.809
-0.074137
1.313
0.63276
-1.2077
0.43746
-1.9766
0.89551
1.1042
-1.9244
2.9533
-0.80037
-0.17635
-0.25587
-2.0754
0.64638
2.8944
-1.1829
-1.8795
0.72143
-1.2322
2.1309
-1.4265
1.0511
-1.5619
1.5027
-1.1207
0.87215
-2.6406
-1.0763
0.016047
-0.56319
0.39559
0.49665
-0.58777
-1.2286
1.9019
0.86599
1.3212
2.3571
2.3066
-0.0016659
-2.608
1.1923
0.72987
-1.0359
-2.1373
-0.4028
-1.3275
0.91726
0.95941
1.6952
2.3107
-1.8412
0.06262
1.301
-2.7175
2.1463
-0.66018
-0.37618
1.2976
-0.55228
-0.86494
0.3264
0.458
-0.79607
1.2849
1.8157
-1.6367
0.51898
-0.096612
0.60497
-0.51194
-1.5344
1.0561
-0.96226
0.83444
0.13764
2.0184
2.468
-0.43823
-0.92383
-1.5737
0.68447
-1.1959
1.66
2.5699
1.5904
-0.47429
-0.33374
1.2354
-1.0314
1.2362
0.18788
-0.79201
1.1684
0.069877
-0.63001
0.49733
-0.71606
-0.44951
-1.0014
0.88058
-0.50614
-1.6443
0.79391
0.58683
-1.0794
-1.0151
0.74884
-1.4529
2.2342
-1.0351
-0.37934
0.58515
-0.5476
-0.075164
0.50169
0.03804
2.2178
0.96728
-2.0712
-0.025269
-1.1363
-1.0314
2.0519
-0.26821
0.57972
1.497
1.6742
-1.5982
-1.2701
-1.4542
0.19379
0.48027
0.68003
0.6826
-1.3311
1.5515
1.2619
0.19228
-0.94316
-0.081443
2.2351
-1.4863
1.381
0.38324
-1.265
-0.51194
0.75957
0.22288
0.7674
0.51035
1.6864
1.5891
-1.2845
-1.5254
-2.0051
2.2694
0.63259
-0.1804
1.4487
-0.76434
1.6871
1.5832
-1.2464
-1.7781
-1.0537
1.7335
0.86585
1.3788
0.92737
-0.22775
1.5788
-2.0501
0.94368
-1.5144
1.2034
1.1608
1.7247
-0.79188
0.50384
-0.92516
0.020963
-1.5496
0.081907
-0.54134
-0.96375
1.0363
0.38338
-0.93873
-0.87982
-0.43415
1.2943
1.8533
1.0098
1.0233
0.23886
0.91508
-0.43532
-0.91834
1.0458
0.64055
2.1381
-0.83535
0.10957
-0.32683
-2.9379
-0.065771
0.21263
-0.88533
-2.0867
-0.30316
-1.9522
1.62
-0.39289
-1.8017
1.7691
1.2819
0.96046
-0.7946
2.0754
0.9832
-0.0096179
0.036274
-1.2198
-0.83993
-2.0196
-1.3567
-1.4892
1.2441
-0.91434
-0.13468
-0.68142
0.9031
0.065349
-2.4572
0.00031831
-1.526
-1.9998
-1.4203
1.1195
-0.68367
-1.2569
-1.61
-2.5317
1.2754
0.63386
2.1306
-0.89072
-0.26541
-0.046078
1.4024
0.17009
-1.5217
0.75245
-0.68097
1.1285
1.1046
-0.77287
0.1352
0.16853
0.23961
0.75413
1.9446
1.0504
-0.13053
-0.28947
1.2178
0.82687
0.15146
-2.3061
-1.1463
0.90179
-1.4983
0.85529
-0.003077
0.52188
-2.1078
-2.948
-1.9216
0.89675
-0.22197
1.4807
-0.76395
1.6602
0.8034
-0.079061
1.303
-1.141
1.587
0.59965
-1.4794
-0.38112
-1.0381
-0.18566
0.60367
-2.5592
0.411
-0.77297
-1.1667
1.7332
1.153
-0.90291
-1.4611
0.44126
-0.01284
-2.0804
0.7913
-2.3344
-0.59747
0.66944
0.22305
-1.5458
-0.36879
-0.62797
0.98137
1.5792
-0.36832
-0.69128
1.0825
0.29681
-1.5089
-1.278
1.2385
1.2713
0.96139
1.0155
-0.092202
-2.1406
-0.10242
-0.38866
0.0041221
0.87026
0.50614
1.4973
-1.2144
-0.36292
1.6419
0.98998
-1.4975
-2.4653
-2.3738
-0.87
1.1048
1.2882
0.20715
1.8896
-0.92343
0.96863
-1.0881
-0.73292
1.6861
-0.1126
-1.0361
0.18186
1.7643
-0.86215
-2.8076
1.4545
2.5633
-1.4477
-1.0138
-1.0825
0.6397
-1.9498
-0.69295
-0.79687
1.7184
-2.1734
-1.3264
-1.2495
-0.2118
-0.5027
-1.8345
-0.89215
-0.26295
0.23946
1.8621
0.28635
-0.19373
0.76727
-1.2
2.3829
-0.0017499
0.10426
-3.2454
-1.1993
0.90543
-0.7295
1.1737
1.9972
-2.4953
-1.2301
0.58356
-3.1704
2.029
-0.97051
1.0045
-3.0464
2.8973
-1.2209
-0.89029
1.153
0.069127
-1.2664
-0.44863
1.7701
-1.3932
-1.1342
-0.014281
-1.0359
0.073012
-0.45291
-0.60732
-2.1538
-1.8105
-1.3714
-3.1211
-1.3666
-0.47614
-0.43505
-1.3824
-0.58515
0.41623
-2.5767
-1.3893
0.89954
1.4455
-1.3511
0.80609
-1.162
-0.093426
0.43059
1.6635
1.4782
2.3529
-0.45788
0.27848
-2.071
0.82552
-0.68497
2.2569
-0.93017
0.89603
-1.3642
1.728
1.8474
0.54772
1.793
-1.1426
-0.94756
-0.49104
1.733
-0.89466
-0.04921
1.3822
2.2978
-0.0082356
-2.3981
0.51299
-0.47361
-0.91872
1.2261
0.86136
-0.44406
-0.6861
2.0267
1.2416
2.5183
-0.94495
0.02502
1.2823
-1.0305
-0.56557
0.57591
-1.0138
1.3657
1.2096
0.094155
-1.0679
-0.0065336
0.51175
1.1939
2.9694
-2.0747
0.70705
-0.45817
-0.34848
1.5128
-1.2731
-0.64296
-1.3129
0.61554
1.6349
-1.6246
0.74425
-0.81258
-0.59145
-1.4987
1.7984
0.6652
1.0593
1.2474
1.4433
0.99069
0.56901
0.6631
2.094
-1.1611
0.35213
-2.0222
2.551
-0.36465
2.0921
-0.53443
-1.035
0.96362
-1.8718
-1.2942
0.95398
0.37568
0.57017
-0.21363
0.023864
-1.6739
-0.66259
1.6986
-0.2758
-1.2765
-0.31323
0.53225
0.2244
0.0067278
-0.25147
-1.2178
-0.54698
-0.91903
-0.37624
-1.0239
-1.0862
1.8377
-0.15575
-1.1072
1.2667
-0.51404
1.4092
0.82403
-0.64968
-0.52033
1.9771
0.70874
0.080648
-1.3487
1.8116
-0.52539
2.0689
2.0284
1.6463
0.086077
-0.017252
0.5044
0.16742
1.42
0.78403
-0.66902
-0.19406
0.17242
-0.99013
1.2057
-1.7706
-1.6919
-0.10794
1.2919
2.1736
-1.9232
-1.0549
-1.1856
-2.0379
1.7328
1.6877
0.72945
-1.0155
-0.62253
-0.21339
-0.39576
0.50685
2.3547
-1.9407
-2.9888
1.4991
-1.0489
1.3504
0.60938
1.4179
-0.4433
1.1276
-1.6281
1.8536
0.44956
0.97257
-2.5307
2.0578
-1.1107
-0.42667
1.3146
-1.9871
-1.5968
2.1762
0.10404
-1.4336
0.15755
-1.6597
0.6091
-1.6911
2.2233
1.4143
1.1813
-0.65453
-0.33355
1.2422
0.17441
-0.60936
0.87789
0.72143
-0.52614
-1.3579
0.4539
-0.58478
-0.6768
-0.02423
1.5002
0.86432
0.83005
0.099717
1.2524
-0.70975
-0.47659
1.6157
-1.1091
0.69509
-1.5904
1.4447
-1.0577
0.39617
-0.70917
1.6827
-0.95521
-1.286
1.8997
-0.13952
-1.6673
-0.4095
-1.9423
0.20884
0.23208
-0.87794
1.7765
1.1636
-1.0982
2.2334
0.64946
-1.5879
0.31191
1.8001
1.2244
1.252
0.89539
-0.76095
0.4571
2.9166
-0.37306
-0.02913
-1.7679
-2.046
1.586
-1.9007
0.41218
-2.4019
1.0624
0.14737
1.5875
-2.886
0.5398
0.13344
-0.71321
-1.3635
1.7624
1.0381
2.6839
-0.82841
-1.2542
-2.5723
0.72582
-0.75228
-0.4031
0.31708
0.29388
-1.1214
0.040076
-2.2768
-0.84922
-1.8467
0.93918
0.43065
0.31471
-1.3223
-1.0341
1.3577
-3.623
0.59817
0.99963
1.5807
0.65206
-1.1682
0.9177
-0.90173
0.92815
-1.5291
1.4864
0.31187
1.5113
2.2293
-0.53226
0.2033
-1.0711
-1.9527
1.8211
2.6264
0.14621
-0.80239
-2.6156
0.27508
2.4321
-0.46994
1.5312
1.504
0.35986
0.38118
-0.57544
-0.63027
1.1814
-0.94507
-0.54472
-1.848
1.1214
1.73
-2.2503
2.3163
-1.5938
1.2243
0.19152
2.4171
-0.30621
-0.60867
0.59972
-0.092735
0.6707
2.9528
1.0376
-1.0853
-2.3635
0.69245
0.92215
-0.458
-1.4176
0.34436
-1.1097
2.341
1.5463
0.49935
0.16562
1.2366
1.3881
-0.1867
0.69769
1.3653
1.8251
-0.18706
-1.8503
-1.8783
0.42026
-0.58735
-1.6259
0.88829
-0.42249
-0.74225
-2.7626
-0.50799
-0.76406
-2.2323
-0.60138
-0.44225
0.16392
1.9996
0.70948
0.03919
-3.0265
0.3125
0.3787
1.2322
-0.96468
0.55544
0.96375
1.9306
0.55153
1.2129
0.90547
-1.6868
-0.34411
-0.40992
-1.2886
0.64262
1.5897
1.2244
1.6941
2.1162
-1.5285
-0.88587
1.0989
0.25541
-1.124
-0.93499
-0.51178
-0.36925
-2.249
-0.25872
-0.090276
-0.70107
-0.6067
-1.1851
-0.27777
-2.9542
-0.107
0.1794
1.5099
2.1879
0.38656
0.56493
-2.3619
-0.16708
-1.8374
-1.3586
0.65986
1.7976
0.80421
1.714
-1.5959
1.8471
-0.080681
0.43141
1.5573
-0.0031894
-2.3094
-0.080095
-2.05
-2.0006
-1.4277
0.31492
-0.30385
1.3904
-0.15791
-0.18245
0.26092
1.347
0.75609
-0.39734
-2.7176
0.5391
-2.0661
-1.8429
-0.033652
0.11588
1.9026
1.8857
-0.32254
2.6691
1.0863
-1.7373
-0.24254
2.2157
-0.92339
1.1456
-0.49535
0.52039
-1.0458
-0.088892
2.7773
-0.5216
1.7378
1.0641
-0.1761
0.64864
-0.67147
-0.91881
0.44706
0.61753
-1.2166
0.081993
1.6528
0.19233
0.4378
-0.36222
3.2032
-1.5483
-1.1728
-0.22956
-0.39049
0.69334
0.82535
-0.863
-0.11175
1.3003
-0.67074
-0.53926
0.63354
-2.5765
-2.185
1.457
-1.3941
0.2976
-0.87417
0.5623
0.45266
-0.084142
-1.4423
2.6271
1.5133
0.70462
1.6066
-1.4297
-1.1741
-0.71068
-2.1736
0.81241
-1.5131
-1.2301
3.1807
-1.3672
1.1745
1.7501
-1.2265
0.10101
-0.45124
0.1427
-1.2668
1.6617
0.33171
-0.71177
1.6162
-0.76334
0.5808
1.2427
1.2254
-0.1861
-0.92289
-0.63036
1.7371
0.76185
0.94335
-2.3604
-1.1659
2.3663
0.79886
-1.8566
1.3659
0.2998
1.2384
-0.13181
-1.2082
-0.94718
-2.2215
1.8677
0.94065
-0.40088
1.8427
-1.3623
1.1096
-1.4969
0.35902
-0.50072
-0.26059
-1.4301
0.76293
-1.3446
-0.67116
-1.2826
0.50483
-0.080302
-1.4774
-1.6939
1.619
-1.5967
2.355
2.3633
-1.3678
1.8992
1.871
1.7137
-2.078
-0.45967
-1.9064
1.5105
1.1562
1.9454
-1.4575
-0.66844
-1.0541
1.347
-1.8703
-0.83781
1.6557
3.8379
-0.98412
-0.91975
-0.90393
-0.57636
2.6783
1.6714
1.5105
0.96064
-0.17985
3.224
0.27196
0.77991
1.2379
-0.66796
0.69282
0.56925
-0.89009
-1.742
0.35309
0.75223
0.79991
1.0734
0.47369
-1.4008
0.22153
0.62755
-1.1079
-0.65934
0.95752
-1.5319
0.48105
-0.56703
-0.42357
0.63091
-1.2435
0.74738
-1.2993
0.45701
-0.27268
-1.2749
-0.37384
-1.2124
1.4695
0.18301
0.85653
0.68387
-2.9345
1.3401
0.8569
1.1356
-0.85243
0.58497
-1.5573
-0.65138
-0.40407
-1.7596
1.2988
2.0087
0.31083
-1.9649
1.3201
0.49039
1.2031
-0.6641
-0.67595
0.57978
-0.30111
-2.1511
1.6841
-1.0953
1.8224
-2.003
-0.26979
-0.06197
-0.86748
-1.4908
0.26552
0.69822
-0.77612
1.2634
-1.9908
0.2378
-1.2661
1.8448
1.1223
-0.57441
-1.1069
0.20755
1.282
-0.9829
0.70021
0.64089
-2.5428
-2.8342
-0.4149
-1.3536
1.3773
1.2918
-1.3008
0.026214
-1.4388
1.8733
-2.7743
0.18267
0.88402
-1.5067
-2.5621
-2.3317
0.83541
-0.46654
-0.34192
-1.4073
1.1166
-1.8818
-1.8793
-0.34313
1.4068
-2.2263
1.0334
-1.1449
0.61914
-0.60931
1.6147
0.29058
-1.1068
-0.84103
-0.25393
0.34215
-1.5581
-1.5968
-0.92421
0.16943
1.8238
0.6184
0.06906
0.10574
1.5682
-0.16118
-0.47537
-0.39473
-2.6434
1.5582
0.011902
-0.52683
0.96369
-1.2051
-0.95056
-0.0015095
0.52828
-1.2556
-0.18985
-0.93723
2.1198
0.6632
-2.0657
-1.531
-0.67693
-0.64241
0.85225
-1.7029
0.86208
1.5754
-0.76989
0.13592
-0.71899
-1.2477
0.079913
-0.50846
-0.038941
0.70306
-1.5675
-0.23292
-0.061152
-1.0341
0.28933
-0.48967
0.85047
0.47469
-1.2449
-0.065033
-0.25751
0.32363
-0.86262
0.82929
-0.12035
-0.78451
-2.2415
0.2064
-0.038146
-1.7641
-1.4613
-2.4733
-0.70167
2.8923
-1.7518
-0.70083
1.2421
-2.2197
0.51153
1.6807
0.88837
0.72059
-0.77499
-1.5485
-0.78897
-1.7371
-0.25061
-1.4582
-0.31189
0.93043
-0.78019
1.0315
0.52074
-1.0026
2.3468
-3.3528
0.58869
-1.5683
-0.84972
-1.1102
0.41665
1.4332
-1.5492
2.6377
-0.81028
-2.4374
1.2795
0.68561
-0.83905
0.42254
0.16822
1.9332
1.8432
-0.76673
0.46444
-0.22341
-1.0468
1.3406
-0.77537
-0.59681
-0.45688
0.72085
2.5031
0.23554
-1.2007
0.6185
-0.87405
0.14077
-0.29264
-1.7531
-1.5423
-0.55139
-0.45889
-0.63919
-2.1779
1.1684
1.1716
1.2088
-1.0371
0.16483
1.3014
-0.65321
0.8062
0.94535
1.3209
-0.39928
1.3822
0.10758
-2.8249
-0.25308
-1.0513
-1.591
-0.041307
-0.35663
-2.8153
0.77256
2.1413
-1.3092
1.2256
-1.8726
1.3264
-0.5471
0.093222
-0.85525
-2.2528
1.5735
0.10147
1.5253
-0.12447
-1.6509
0.53978
-0.65111
0.19572
-0.14562
0.93659
1.0632
-0.2991
1.1978
-1.5403
-0.65021
0.82598
-1.8905
0.072199
-0.24467
-0.89964
-1.9982
-0.93503
-0.79776
-0.41805
0.91146
1.6492
-0.095209
2.7121
1.3944
-1.4131
-1.8978
1.8464
0.22976
-2.2148
1.6869
1.9643
-0.54941
1.6783
0.18992
-1.0079
-0.086812
1.6988
0.48673
-1.8809
1.4701
-1.082
2.2593
-1.8681
-1.8433
0.92777
-2.6284
0.22713
0.69037
1.328
-0.72057
1.2194
1.4155
-0.27447
-0.7384
-1.6811
-1.1496
-0.096997
-2.0936
0.40901
1.2208
0.10815
0.49448
-2.1796
-1.2568
-2.4025
1.9286
-1.1621
1.378
1.7197
-0.54585
0.23063
2.187
1.6467
0.66382
-0.73197
-2.6286
0.32249
-1.2797
-1.0156
-0.62297
0.97793
-1.9833
0.74741
-0.59621
-2.9373
-2.4702
1.7223
0.1157
-0.054444
-2.3362
1.4445
-0.32386
1.3777
0.51381
0.29808
2.2402
0.50162
-0.3544
2.3385
0.9874
-1.3278
1.0655
1.7934
1.5897
-0.60866
0.94336
1.1534
-0.19892
1.5377
1.5678
-2.132
-0.85709
-1.4979
-0.53595
-0.23367
-2.4307
-2.4287
2.05
1.3493
0.46294
1.5133
2.4627
-1.3506
1.2633
-0.80749
0.017401
-1.2244
-0.21015
1.4179
0.65682
-2.6178
-1.4299
1.1358
2.9879
-0.68653
-0.80158
-1.3116
1.13
-1.0776
-1.3766
0.28143
1.1833
-0.77992
2.9921
-0.39747
1.19
0.17894
0.52856
1.7435
-2.3611
0.61871
0.41654
3.4382
1.3103
0.73756
-1.6842
-1.5098
0.60739
0.86624
0.35871
-0.42986
1.5495
-0.79718
-0.97924
-2.3452
-0.9597
-1.3398
0.89917
1.5895
-1.8858
-2.4707
-0.57922
0.95527
0.68578
1.7353
-1.2478
-2.4332
1.3305
0.88819
-0.77632
-1.2685
-1.0802
1.8491
-0.32899
-0.70285
2.9601
0.79868
-0.59095
-0.39259
1.6094
-1.4027
0.44523
1.1351
-0.0059174
2.022
1.7684
-0.66569
-1.0468
0.043678
1.3169
0.9957
1.3202
0.53117
-0.56096
-1.3206
0.032486
-0.25999
1.5224
0.87255
-2.6858
-0.66964
-0.076076
-0.59658
-0.50823
1.8906
-0.87693
-1.1276
1.1646
1.7404
0.025948
-0.01312
-1.2572
0.74638
-1.2947
1.1961
-1.2817
1.3784
-1.0176
0.36534
-0.76376
1.7347
-1.7676
0.15877
-1.4796
-1.8155
0.61194
-1.3267
-0.14842
-1.6636
-0.76059
-0.40183
-1.0032
-0.67656
-1.1736
0.62581
0.47077
0.84438
0.049953
0.49153
1.9209
-1.3543
-1.0744
0.015991
1.201
-1.2602
0.2773
0.40017
0.91829
1.5081
0.33712
-1.3376
1.3079
-1.7097
-0.3358
-0.21623
-0.092176
-1.2341
1.0737
-0.0021922
-1.5329
0.37179
-1.1051
-0.89861
-2.1318
1.1927
1.3089
1.0917
1.3358
-1.2878
-0.97638
-0.073035
-0.20906
-0.93759
0.45362
0.87111
1.3228
-1.7529
0.18208
-1.5987
-1.5914
1.1661
1.7352
-0.5404
-0.73545
-1.4276
2.5463
0.03122
-1.1663
0.53912
0.6394
1.7423
1.2994
-2.0208
0.96267
-1.5866
2.0971
-1.5719
-1.031
0.46956
-1.9019
-0.96138
-1.4325
1.4624
1.4557
-0.11707
-0.38699
-1.886
2.4319
1.8275
-0.18779
0.22915
2.1543
0.43434
1.6935
0.60587
-0.14373
1.6956
-0.89032
-0.072647
0.64515
-1.4691
0.087247
-1.5885
-0.9529
-0.22646
1.916
1.5567
0.72131
-1.1297
-0.79362
-2.2567
0.45061
0.15552
-0.49258
-1.3592
1.6856
-0.58829
-0.67375
-0.7121
-2.0013
2.6301
0.31884
-2.0227
-0.70507
-1.1814
0.054043
2.3616
-3.3336
-1.2257
0.81608
0.83764
0.85552
-0.07915
-1.1472
0.69564
-1.5153
0.14576
1.0412
-1.2339
-1.5124
-1.5343
-1.4525
0.8695
0.72825
-1.1829
0.46264
-1.8007
1.9401
2.9575
-1.0168
-1.8908
-0.053664
0.20804
-1.4697
1.226
0.7525
-1.6485
1.0936
-0.056108
-1.1481
-0.54641
-1.3487
-1.8514
-0.070238
-0.33501
-1.5892
-1.1781
-2.0914
-1.3158
-0.44187
0.15448
0.41298
1.3966
1.4615
-1.8042
0.38978
0.20295
1.0079
-0.99233
-0.1047
-2.1985
-0.91401
-0.12469
-1.2706
-1.971
2.6975
-0.76576
-0.2861
-0.65654
1.5257
-0.63413
-1.3815
0.38777
1.5119
-1.1945
-0.63486
1.1735
-2.2826
-1.2967
0.19454
0.31763
-1.3787
0.85093
-1.7519
1.9077
-1.7405
1.5731
0.17919
-0.57546
0.45208
-0.21154
0.6398
0.90456
1.2766
0.5852
-0.51099
0.15306
0.99329
-0.092336
0.18815
1.1644
1.6617
-0.12751
0.67922
1.8843
-0.87474
-1.8446
-1.3502
0.15431
-1.459
1.8259
-1.2628
-2.7049
-0.51798
0.52612
-0.4907
0.35025
1.0234
-1.4334
0.21219
-1.9774
-0.99701
1.1519
1.1159
1.3927
0.97169
1.722
-0.096939
-1.4591
-1.8192
-0.57128
-0.1279
-1.8276
0.47803
1.2135
0.92899
0.94069
0.79013
-2.0824
0.56461
0.61913
2.0163
-0.41511
-0.09224
-2.102
0.16025
1.2843
-2.076
-1.3335
-1.9775
0.6722
-1.6403
-0.84998
0.0091492
1.107
-0.90112
1.0769
-1.5337
0.58701
1.8449
-0.19078
0.46936
0.87922
-1.8203
0.4705
-0.98482
0.78646
-0.70795
0.79874
0.96853
1.9711
0.43905
1.6843
2.6341
0.21557
-1.1405
-1.925
-0.86943
-1.8232
0.85758
0.68032
0.58146
-0.88925
0.78761
-0.23196
1.6478
0.84832
1.7623
0.13633
-0.92351
-1.5219
1.2115
1.9351
-0.98012
-1.8155
-0.35437
0.41146
-1.1352
0.69843
-0.19958
2.0166
-1.5714
-0.69136
-0.24239
2.1578
-1.0399
-1.1215
1.0512
-0.14111
-0.95668
-1.4096
-0.26425
-2.0082
1.3939
-0.049318
-2.0704
-2.304
1.1577
0.40082
0.56354
-0.52691
-1.3227
2.0881
1.127
0.73709
-1.594
-1.9585
-2.6363
0.51524
1.8711
0.8814
0.71563
-0.79791
1.2577
1.8407
-1.7423
1.0736
-0.27795
2.4408
1.338
1.073
-0.77238
2.0405
0.14449
-0.7863
-0.30154
0.68932
2.0409
0.73874
-0.7158
-0.42572
0.4229
1.9604
0.96253
0.8024
1.2616
-0.65024
2.0097
-1.2896
-1.0908
0.58491
-0.54118
0.75259
1.4206
0.98019
-1.1536
2.1496
-3.4679
-1.7284
1.1925
0.30577
0.30608
0.1749
2.1215
-0.35687
-2.7107
1.8074
2.2786
0.11136
-0.37619
0.32117
0.4875
-2.4667
-0.65268
1.9027
1.5374
-0.37774
0.84205
0.85208
-2.112
-0.72885
-2.0346
-0.28541
1.4359
-2.3783
-0.23409
-0.37002
-0.33075
-2.5774
-1.367
1.3719
-0.20994
0.84592
1.3306
-2.105
0.34873
-2.0349
1.1571
-2.7102
-0.57061
0.5973
0.10242
2.2524
1.4157
-0.27946
-1.2018
1.0211
-1.7782
0.4653
0.31633
-2.5986
-0.92904
0.016498
0.82119
-1.4192
-0.24871
0.99083
0.34942
-1.296
0.48313
-0.70666
-1.2266
1.7904
2.0571
-1.7713
1.5352
-0.68175
2.4117
-1.6968
1.0952
2.6906
1.319
2.2237
1.6396
1.2839
-0.65611
-1.9803
2.0524
0.68421
-1.987
2.8503
0.50186
-2.7862
-0.79808
-0.78925
3.0953
1.7454
1.4477
1.2813
-0.69365
1.422
-1.2222
1.4489
1.2208
-1.3454
-1.5356
1.2323
1.1412
-0.13476
1.5789
0.86867
1.5733
-2.7557
0.19389
1.649
-1.5087
-1.5756
2.3766
0.69696
1.7032
1.773
2.5775
1.0845
-1.3256
-1.2025
1.6909
0.1931
1.393
-1.7204
-0.69414
-0.010348
1.6307
0.36441
-0.013025
-0.077113
-0.42378
2.7675
0.9292
1.0525
-0.51483
2.084
-0.45771
1.5155
-1.6402
1.7646
-0.96948
-1.041
0.70778
-0.62247
-0.83762
2.1183
2.1092
0.54369
-0.44693
-1.5757
-0.24365
1.7363
-1.5568
-0.77875
2.5849
0.32088
1.562
-0.35613
1.0621
1.1495
1.3755
2.3323
1.1089
-1.6127
-0.55117
0.22459
0.62702
-0.47936
-0.33735
-1.8976
-1.3563
0.59483
-1.5552
0.11846
0.63345
-0.29783
1.9819
-1.4288
1.9899
-1.2232
1.2607
-0.12969
1.7091
-0.9738
-1.6385
-0.75363
-1.4465
0.43738
-0.45833
-0.22464
-2.3844
1.1056
-0.91971
-1.0655
-0.29514
1.4294
2.0544
0.023689
-0.58701
0.81376
0.078806
-1.951
-0.84522
0.018116
1.8027
1.425
0.05386
0.59926
-2.3368
-0.81273
1.9367
1.558
1.8855
-1.7104
-1.5712
-0.25465
1.865
-0.51497
-1.0216
1.1695
-1.0843
1.3616
-1.4266
-0.53061
-1.4668
1.4803
-1.9759
0.6108
-0.32649
-0.76167
-1.0573
0.29777
1.3835
2.0939
-1.6792
0.33338
0.89744
-0.4559
-0.86554
-0.7816
-1.9668
-0.94706
0.29223
1.2224
0.36926
1.6225
-0.49797
-2.7491
-1.9079
0.85763
-1.3656
-2.8761
-1.3151
2.3167
0.35243
-0.31857
0.90846
-0.10217
1.2492
-0.50569
-0.87626
1.8548
1.2927
1.3961
0.74643
0.49594
1.2919
1.565
-0.18261
1.6168
-0.7199
2.2404
1.2537
-0.39946
-0.14666
1.5583
0.1325
-0.86741
0.38893
2.2492
0.22316
-0.51722
1.2847
1.5192
-1.0636
1.1627
-0.37823
-0.53858
-1.0734
0.17786
0.29326
1.1636
0.076455
-0.082779
-3.0855
-1.6217
1.1131
-1.1272
0.93462
1.0759
0.63047
-1.4815
-1.9847
-1.4865
-1.6901
1.3216
0.20892
0.60123
0.12534
0.66443
-0.94961
-2.5918
0.42044
0.52083
-0.90455
-0.20951
-1.4436
-0.61398
0.36849
0.36747
-0.56381
1.1895
0.20413
-1.0005
0.061529
1.7756
-0.63033
2.3893
-2.1337
-1.4792
-1.4024
1.6765
-0.59181
1.4111
2.5014
-0.20242
0.67258
0.93823
1.7037
-0.1591
1.8398
1.6519
-2.5098
1.0791
0.95015
1.1812
-0.50955
-0.054461
-0.14961
2.283
0.57603
0.24222
1.4522
2.8683
-1.1598
-0.79532
0.16433
0.97567
-1.9392
1.7746
1.1408
-0.89752
-0.32293
1.9585
1.2829
-0.76249
-0.15281
-0.12353
-0.07304
-0.18943
0.78409
-1.8534
-0.29035
1.189
1.0702
2.3703
0.36631
1.6972
2.2907
1.3005
-0.62775
-0.013198
1.7168
2.2165
1.847
-1.6983
-0.22529
-3.0504
1.1196
1.2213
1.0876
-1.8969
2.5314
-1.7108
-1.3788
0.53216
1.9053
-1.7009
-1.2237
2.0266
1.2771
1.47
0.075318
-0.50414
0.80313
-1.1789
0.59989
0.35474
-1.654
-3.767
-1.3229
2.1779
-0.27131
-0.62627
-0.76952
1.5795
1.4713
-0.63241
1.4785
-2.1752
1.4734
1.4079
0.95208
0.18712
1.2484
-0.65621
0.091566
1.3561
-0.14682
-0.57611
-0.44145
-1.0123
1.3807
-0.83177
1.6324
1.1405
-1.427
-2.6416
-0.73372
0.035395
-0.55713
1.6719
-0.48043
1.1318
0.74172
1.3772
-0.10107
-0.56476
-1.9641
1.6262
-1.7776
1.1054
-1.1892
-0.47015
0.92084
-0.44342
3.2158
0.35275
0.12278
-1.5065
-1.7765
2.6761
-0.2085
1.0999
1.3764
-1.1726
-1.6628
-1.0389
1.3359
-1.1057
0.93817
-2.8014
1.2534
2.4805
1.0195
0.90859
-0.61259
0.77377
0.90968
0.46442
-0.62825
0.011814
-1.074
-1.3228
-1.678
0.97283
1.7063
-2.244
-3.2221
2.7716
-1.4317
0.80734
-0.59387
-0.02566
0.074732
-1.7561
1.0953
0.99086
-0.09055
-1.6666
-1.7373
-0.63439
-0.43921
1.2762
-2.0293
-1.7399
0.57295
0.24994
1.335
-0.08142
1.0673
0.41189
-0.43126
-1.2189
-0.33513
-0.47689
1.0847
-0.4226
1.2443
-2.0341
-0.72078
-1.1084
0.20833
2.1452
-0.69301
-0.47552
-1.3188
2.0646
0.67873
-0.034345
-0.018467
-2.419
-0.64309
-0.74956
2.1948
0.6594
-1.1407
-1.4479
1.2271
1.3911
1.4993
-0.61169
-0.48831
2.0052
-1.5714
0.75271
0.2529
-0.84602
-0.6067
1.1154
-1.4023
-0.063406
-2.0431
-1.1378
0.75461
0.52578
1.9069
-1.2712
-0.092293
1.0247
0.47038
-0.85934
-1.0191
1.3619
0.072192
0.18074
0.10563
-1.8381
0.23041
0.053734
0.053084
-1.2674
0.093944
-1.7038
-1.1505
-1.0303
-1.3906
-2.7827
-0.52137
-1.1715
1.7343
-0.26317
1.0802
1.6416
0.58917
1.6948
0.90796
-0.93893
-1.4294
1.7778
2.0215
-0.9363
-0.76512
-0.056491
-1.5692
1.4574
0.41371
-2.8515
-1.3453
0.29835
-0.26553
0.61468
-0.86404
1.0061
-1.2395
-1.0214
0.80983
0.50413
-0.85989
-1.5159
1.5866
0.93808
-1.7825
1.1974
-0.37467
2.7981
-0.71819
-0.49977
0.94049
-0.72373
1.592
0.0016793
-0.79494
1.114
-0.13766
0.52962
0.03756
1.4259
-1.1081
3.3138
1.1453
1.8266
-2.1253
1.6143
-0.66281
-1.4568
-0.64048
1.1858
0.29606
-1.2594
2.7464
1.1894
1.4647
-0.85786
-0.84516
-1.7561
0.025438
0.44249
0.82939
-0.36889
0.16851
-1.8249
2.2909
1.9471
-0.70513
0.88532
-1.3512
2.3612
0.23898
-0.39317
-0.22207
-0.73102
-1.7931
0.81007
-0.67084
-0.6137
1.7498
2.8086
-0.78409
-0.72792
1.9132
1.0848
-0.77047
-0.58981
0.25435
-1.5007
-0.1822
-0.65522
-1.375
-1.8844
-0.24617
-1.8051
-2.3219
-2.1039
0.79394
0.9072
-2.194
0.93711
0.55907
-1.7137
-0.34703
-1.5219
1.5249
1.2945
1.24
-1.6099
-0.096044
-0.76985
-0.21232
1.2137
1.0981
0.56653
0.9684
1.0491
1.9923
0.032469
-0.58614
0.22613
-2.2496
1.3828
-1.6528
-2.3276
-2.1073
0.71911
1.3514
-0.52205
1.8452
0.28214
-0.82162
-1.3264
1.2911
-3.3632
0.029168
1.1152
-1.2591
0.080047
1.8711
-1.4543
1.7558
2.4739
-1.7025
0.53265
-0.56456
0.3367
-1.5241
0.52346
-1.3214
-2.7238
-0.84504
-0.77844
0.77047
1.3361
-0.49485
-1.825
0.28793
-0.24332
-0.19921
-0.065218
1.0548
-0.056125
1.7243
-0.83638
-1.0806
-2.5551
-1.2999
-1.0224
1.0264
0.9284
0.086963
-1.9186
0.60765
-1.4872
-2.126
3.2911
1.9312
-1.2355
0.10223
0.18269
-0.033618
0.72771
0.95358
0.14547
-0.90165
-0.70032
1.2798
-0.1738
0.40017
-0.28438
2.5287
2.7476
2.2928
-1.7806
0.79529
1.857
-0.5746
0.9996
1.2214
0.77247
0.63786
-0.57027
0.21371
-0.29553
-0.011168
1.3777
0.045665
0.70015
0.76644
-0.16402
0.10275
-1.1772
1.4121
-2.0647
0.61491
0.80601
-1.5311
0.76111
1.6995
-2.0517
1.6843
0.61622
1.2682
-1.7713
1.0584
-0.71484
0.06994
0.086211
-0.39517
-0.28134
-0.385
0.61353
0.68991
1.3973
0.51487
1.5588
1.4894
0.66749
0.48201
2.1278
0.75071
-1.3017
1.7766
-2.0008
-1.0491
1.9377
1.5435
-0.09786
0.19318
-0.35455
-0.49578
1.0132
-0.2855
-0.78723
-2.2754
0.72277
1.7382
-2.3355
1.9894
-0.30424
-1.3983
2.1087
1.0965
-0.13854
1.1128
0.99214
-1.2537
0.25304
-1.9111
0.7882
0.69214
1.1425
-0.35456
0.78676
1.216
-0.2054
-1.4164
1.7716
0.88973
0.9641
1.4
-1.3037
0.090602
-1.5049
1.9582
-1.5064
1.1975
1.0379
1.7724
0.50624
-1.6489
0.1565
-0.38185
-0.79559
1.0473
0.028022
-0.86701
1.2473
0.71482
0.22231
1.3771
-1.1101
1.2256
-1.4764
1.3307
-0.62806
-1.0059
1.6777
-0.65151
0.55935
0.45373
1.4737
-1.9306
0.25133
0.44438
-0.036385
2.0074
-1.3444
2.1768
-1.9263
-0.73666
0.34121
2.1243
-0.78747
-1.9795
3.3876
-1.1979
0.77893
-0.17251
0.55079
1.1081
1.9405
1.6843
-0.59636
1.1417
1.1342
1.2427
2.7875
-0.9352
0.84106
2.4621
-0.22574
1.9776
1.2848
1.9518
-1.932
0.41034
-1.1389
0.31861
-1.7383
2.1291
-2.0101
1.519
0.4927
1.8896
0.23299
0.24515
0.14334
1.2437
1.0782
-0.33352
0.55331
1.0616
-1.0414
0.81727
1.3377
-1.5355
0.88353
0.51807
1.5354
-1.2233
0.77927
-1.9006
1.0622
0.7672
1.0657
-0.699
0.78859
1.3665
-2.2618
1.9782
-1.6321
0.76495
-0.99084
-0.28621
1.4509
0.4431
1.3911
0.86064
1.591
-1.3281
1.7143
-0.41411
0.55327
-1.0133
1.4446
-1.6703
1.5442
0.4528
0.31958
0.37317
-1.5422
1.6293
-0.94336
0.94602
0.98962
0.60318
-1.0281
-0.85235
1.3464
-0.76604
-1.974
1.5677
0.38956
0.79468
-0.43154
1.7804
1.3666
1.471
-0.4172
-0.87081
1.6727
-0.1885
-0.14545
-2.819
1.6082
-1.4428
0.50068
0.79877
-2.3181
-1.1851
-0.083729
0.66539
-1.588
-0.87735
0.48859
-1.8855
1.9105
-0.68506
1.636
0.94624
-1.4672
-0.89769
1.0296
-1.5112
1.3988
-2.5903
0.33828
0.064098
0.86934
0.024599
-0.91342
0.0021209
-0.75154
0.98292
-0.71202
0.085757
-0.87179
0.1135
-1.7925
1.9548
-2.0105
1.6738
1.551
-0.81224
1.5645
2.3014
0.62928
1.2559
0.72272
1.6209
0.49897
-0.025756
0.56104
1.6852
0.65573
0.56288
0.71927
-0.48297
0.72662
2.9784
-0.32646
-1.173
1.7467
2.2609
0.35444
0.5097
-1.9024
0.56501
-1.338
2.8655
-3.598
0.24421
-1.3841
0.27403
0.071653
2.2533
1.5379
1.4375
0.23856
0.076949
-0.90366
0.47116
-0.15775
-1.1694
1.348
-0.35318
0.77598
-1.4713
1.4389
1.642
0.33848
0.81444
0.70943
-2.9204
1.805
-0.86642
-1.3316
1.7561
-0.92886
1.0495
-0.87612
0.11666
-0.23812
1.0749
0.22659
1.6838
-1.8322
1.5706
-2.0286
0.14581
-0.54222
1.8393
-1.3228
0.27839
1.6408
1.5893
1.5239
-0.65861
0.6664
-0.81542
0.33308
0.75426
0.27643
-0.90048
1.2892
1.2192
0.335
-3.0426
0.62529
1.4215
0.5093
0.0049363
1.5743
1.634
2.636
0.46813
1.7535
1.5063
0.18697
2.2134
-0.79091
-1.9857
1.4827
0.64329
-1.9501
0.88586
-1.0424
-0.15096
-2.1639
2.3043
0.11226
-1.7482
1.4954
1.369
-0.55014
0.33056
-2.3466
1.5625
1.3648
-0.84081
-0.41538
-0.62474
2.2841
2.0603
0.015176
-1.2481
0.75689
-0.17266
0.68103
-0.27938
0.78487
0.83592
0.6061
1.1128
-1.1149
1.6022
-1.4679
1.6841
0.7795
0.77849
0.033159
1.4718
-1.5797
0.15437
-1.7112
-2.8082
1.9714
-0.85315
0.62932
1.5435
-0.6432
-2.9182
0.51145
0.98464
1.9237
1.7244
1.1405
0.83111
-1.5558
0.58538
-0.083095
1.2436
1.5493
1.4815
1.4054
0.12654
1.409
0.063904
-1.9544
1.453
-2.6441
2.7362
-1.3225
0.4517
0.03334
1.0615
-1.2468
-1.5752
0.70723
-0.46777
1.3206
2.8698
-0.8172
-0.59145
1.6134
-0.64133
0.070834
-0.16039
-1.0957
0.16058
-1.1397
-1.2508
0.84269
0.73825
0.64127
-0.5863
2.2532
0.66717
1.1409
-1.0964
1.1237
1.2656
1.6055
-1.8156
0.45977
0.060427
2.2038
1.9112
1.3635
0.94902
1.7512
1.3349
-0.69179
0.84032
1.1838
2.8284
1.286
-0.85338
1.5112
-1.5326
1.752
0.14758
2.095
1.5335
1.4509
-2.7329
0.89146
2.1811
-0.66658
1.8391
-0.20388
2.0386
1.4319
-1.672
0.49416
-1.9603
2.666
-0.35695
1.2309
-0.53322
1.1195
1.8406
1.213
0.27197
0.78279
2.4353
1.4196
2.2521
0.41787
-1.4799
0.77413
1.671
1.3789
1.4443
-2.1384
0.15183
1.0731
1.1932
0.38871
1.655
2.2888
0.84388
-0.51062
-1.062
2.2782
1.0583
1.2059
-0.3664
1.5936
0.33642
-1.9854
-0.6682
-0.26096
-0.42056
0.37232
1.0933
1.6876
0.18294
1.437
0.11209
-1.3389
1.4837
1.3918
-0.65998
-1.2245
1.0858
-0.43478
0.47019
1.4463
-0.26501
2.09
1.2255
-0.27369
1.2528
-1.0117
2.2624
-1.2694
0.16374
1.8704
-1.1824
1.2596
-1.3298
0.0060388
-0.12944
1.6959
0.91341
-1.2799
-0.089244
-1.5011
2.4499
-2.1899
0.70417
1.5094
-2.6374
0.83971
1.7836
0.5359
1.2457
-1.0399
-1.3704
-0.55218
-0.87776
1.2316
-2.0601
0.74076
0.75918
0.95794
-0.35339
1.7888
1.8093
0.73783
-2.5221
0.52109
1.049
0.53355
0.36717
-0.21184
-2.6962
1.0122
-0.096417
1.439
-2.0048
0.76927
-0.64864
0.82863
1.5894
-1.036
-1.561
1.1779
-1.3478
1.7358
-1.7706
-0.79688
-1.1098
1.9077
1.4069
-0.91219
2.0696
-0.87849
1.0908
1.285
2.8136
-0.35534
0.32566
-0.89771
-1.2584
1.6697
1.2401
-0.25173
1.9121
-0.78315
-0.60068
0.69107
3.0165
1.8271
1.0184
-1.0473
-1.3135
1.1205
2.4954
1.0167
1.3633
0.11281
-1.0471
0.3659
-0.57518
1.1426
-1.9813
2.0243
0.24626
0.47971
0.87685
1.3364
2.1381
-1.0131
0.40688
-0.89935
1.4221
0.50816
1.2843
-0.44411
2.9035
-0.019222
1.3594
-1.9033
2.5564
-0.52845
-1.0087
1.1539
1.902
-1.821
1.0662
-1.4435
-0.095335
0.78234
0.59706
0.42132
-1.4288
0.94179
0.23812
0.50632
0.22589
2.3824
2.2358
1.8049
-1.4842
1.0726
-0.52949
2.2587
1.4629
-1.1549
0.23964
1.1035
0.26097
0.070439
-1.1262
0.537
-0.16239
-0.71747
-0.15822
-0.10182
2.0658
-0.67851
0.060858
0.27323
-2.3527
0.42836
-1.5022
0.54872
-1.7006
0.14192
-1.231
-0.74599
-0.10369
-2.2586
-1.7141
-0.058493
1.6112
0.78728
0.36301
-2.2579
-1.1571
1.2342
1.6388
-1.8837
2.0946
0.28077
0.19364
0.92853
1.6653
-0.59771
1.9326
-0.092092
-1.7847
1.1689
0.058221
1.1013
0.76512
1.1323
2.1394
2.3517
-1.5937
0.89758
-0.14557
-0.4932
0.059713
-0.96395
-0.84745
-1.0704
0.6767
-0.29776
0.26615
-0.23069
-0.12269
-0.81344
-0.98111
1.2329
0.99644
0.65855
1.0051
0.32188
2.9874
2.0954
-2.4269
1.2382
-1.3221
0.43326
2.268
-1.3005
0.16019
1.2006
1.3702
1.2381
-1.8713
1.8622
0.44256
1.3175
-1.4572
0.0048511
-0.018706
0.29146
1.3793
0.11492
-1.4341
1.4882
0.28339
1.3796
1.7264
2.0779
1.019
0.86697
2.3239
-1.0069
1.1968
-1.533
2.9838
0.67056
0.016259
0.14073
0.78347
0.8504
1.1114
-1.3602
1.8649
-0.68936
0.30445
1.1762
0.92405
-0.36059
1.651
-0.26992
1.3207
-1.4913
1.5023
1.8033
0.28369
-0.83472
0.51661
0.94252
1.1922
1.5456
0.41268
-1.332
0.81684
0.80932
0.52907
-0.36834
1.9326
-0.66666
-0.37605
2.037
-0.53505
-2.121
-0.50954
0.15386
0.54609
0.17979
0.45377
1.6275
1.2728
2.9752
0.9965
0.90273
0.43797
-1.5517
1.5774
-1.0783
1.3549
0.63827
2.3792
0.85732
0.44382
1.4924
1.0875
1.0783
0.86028
1.4719
1.616
-0.61117
1.2449
-0.6906
1.0293
-0.083934
0.88856
-0.66224
0.68897
1.2148
-0.57054
-1.8001
-0.4094
0.99501
1.7878
-1.6405
1.449
-1.1463
-0.24733
-3.4953
1.9602
0.98261
1.1527
-0.046254
-2.4322
0.27198
-1.0867
0.26356
3.1647
1.9709
1.1334
-1.3613
1.8046
2.2287
-0.95009
2.107
0.76528
0.07554
-0.64991
1.101
-2.189
2.1042
-0.2342
1.1119
-2.2586
1.5036
1.2053
0.97389
-0.98115
1.0874
-1.821
1.4031
0.66355
-2.0585
-0.07352
-1.1381
0.86093
-0.99314
-1.4591
0.52133
1.6388
0.40085
1.1866
1.2834
-0.99469
0.22489
0.87525
1.3922
1.0755
0.65238
1.4761
1.3382
1.5725
-2.0632
2.2393
-0.28874
-2.0734
0.32497
0.33634
0.23302
-0.44423
-2.741
0.30562
1.5096
1.4218
-0.86239
-0.2897
-0.81159
0.98633
0.40078
0.97838
-1.4636
0.3931
-2.1246
0.49084
1.2486
0.26672
0.39844
0.74118
2.1602
0.37491
-1.5848
-0.19349
0.85318
1.6674
-1.7578
1.0567
-0.31363
-0.33682
-2.4549
-0.69389
0.64904
1.8246
-0.019187
2.5887
2.4668
-1.1605
0.91268
0.8107
0.018628
0.49309
-1.3977
1.0802
1.4037
-0.44373
0.85661
-2.3779
0.79381
3.5442
-0.056545
-0.099887
-0.87278
3.6178
1.7048
1.817
1.6978
-1.4796
1.0148
2.0011
-1.0169
1.7873
0.51515
0.34278
-0.63113
1.8075
1.3125
1.2605
-1.0906
1.076
-0.40014
-0.73619
0.77842
-0.6098
0.49893
-0.44756
0.43686
-0.0092364
0.98228
-0.13757
0.70634
-0.62829
-0.16988
1.8849
0.82962
2.6269
-2.3629
-1.1028
2.0833
-1.0557
-0.40785
-1.1636
1.2412
2.1501
-0.90006
0.11314
0.89382
1.5319
-1.7456
0.43304
-0.53111
3.0988
-1.916
-0.71723
0.050441
0.33501
1.5607
-0.4563
1.3501
1.4929
0.87077
1.5374
1.0142
1.8701
-0.25252
0.31563
-0.89613
-0.2061
1.899
1.3704
-1.277
0.63033
-0.67348
1.7084
0.17096
1.0481
1.6112
-1.4079
2.0097
2.4409
-0.74125
-0.76241
0.83617
1.4896
1.0146
0.37691
1.807
-1.7757
1.0675
1.9393
-1.419
0.2636
-2.3525
-0.0043533
1.7429
2.1996
1.492
-3.0458
0.72388
1.9
-0.37861
0.43594
-1.1545
1.5831
1.4271
-0.0089158
2.1842
-0.13026
0.13805
1.6122
-2.0976
-0.35063
-1.5856
1.7585
-1.9121
-1.0968
0.75766
0.80378
-0.6861
0.84019
-2.0381
-0.11961
0.1941
1.7917
-1.5946
-1.1933
1.1213
-0.56654
4.1457
-0.81757
-0.63506
0.29493
0.22866
-2.7094
0.38764
1.6809
1.6301
-2.3256
0.5274
2.4525
0.18953
-1.507
1.2314
-0.21157
0.51156
2.1616
-1.0467
0.61002
2.6746
-0.64448
0.66386
-0.7471
1.0552
0.72537
-1.5126
1.2242
0.025006
-2.8123
1.5633
0.59237
2.4384
0.26365
-0.2216
-1.4112
1.3036
-0.31719
1.5732
0.80456
2.1062
1.975
-1.6144
0.21651
-0.23087
0.16513
0.39729
3.05
0.92199
0.87818
-2.3319
-0.29974
0.7029
1.1207
-1.2994
0.41967
-1.0091
2.7923
-0.46099
-0.44743
1.0097
-0.39512
-0.065473
0.92855
-1.1465
2.4548
-1.5338
1.0204
-1.2251
-2.1553
1.9236
1.1531
2.3353
1.0165
-0.93707
1.2408
-0.26726
-0.76761
-0.89312
0.58715
1.01
2.0005
-1.266
0.6963
-1.6565
-0.86804
1.5856
-0.40875
0.58091
-0.18649
0.55119
-1.0332
1.1435
-1.486
0.49372
2.1868
-0.99716
-0.32941
0.56249
1.2412
-0.76993
2.6803
-0.06958
-2.4784
2.1488
1.0323
-0.31569
0.60216
-0.59724
1.7967
0.95787
0.062117
0.40443
-0.5845
1.4123
1.4848
1.8683
-0.099828
-1.0601
-1.8907
1.2384
0.2171
1.2216
1.392
-1.6049
1.5401
2.0326
1.4488
0.87727
3.07
-0.096491
0.6189
0.18144
0.87547
-1.7901
0.31375
0.91574
0.74214
-0.95312
1.027
2.0488
-0.60188
1.1474
1.8282
-1.2007
-1.7077
0.56354
1.4181
-1.3363
0.14778
1.6409
2.0997
2.0022
-0.80861
1.4081
1.7755
0.80616
1.2078
-1.2318
0.39379
-0.56577
-0.83165
0.99346
1.4016
1.2168
2.2055
-1.2326
3.1271
1.3922
-0.049133
-0.59244
0.39888
0.86656
2.243
-1.547
0.42982
0.66959
-1.2234
2.1699
-1.3945
0.2425
1.52
1.0228
-0.21106
1.6826
1.384
-0.84672
-1.603
0.39408
0.8083
-1.3609
1.9552
0.57429
0.31294
-0.98102
0.97621
1.9373
-2.0385
0.67938
-0.97604
2.0647
-1.6595
1.3146
-0.95201
1.3458
-1.2232
0.91479
-0.21691
0.2038
1.115
-0.015193
2.3078
0.16589
-0.73217
-0.7424
0.56485
2.1771
0.54858
-0.37819
0.18016
1.6355
0.78563
0.80518
1.4485
-1.749
0.99536
-1.4577
-0.31017
2.2989
-0.011196
0.56167
-0.22837
0.5764
0.087265
0.25897
-2.522
1.7919
0.27561
0.33164
2.3404
-1.9027
0.10181
0.042907
-1.415
-1.2129
2.1426
-0.31349
2.1305
2.8696
0.60807
1.3478
2.2914
-0.54964
-1.4245
1.1355
1.3119
-2.053
-2.2704
1.3699
0.78556
1.0593
-0.25096
-1.4674
-0.46403
2.1896
1.8622
-0.98897
1.1545
1.3972
-0.53633
0.24994
0.95772
-0.30221
1.4614
-0.51279
-1.3303
1.3157
0.32537
-1.4629
0.28477
0.68812
-1.7965
1.0921
1.6114
-0.91004
1.5581
1.2918
-2.1147
1.4202
0.28827
0.091976
1.1762
1.483
-0.71586
1.3214
0.98232
-1.2139
0.60826
1.6954
1.7225
2.5882
-2.5978
0.87239
0.51993
-1.7057
1.4741
-0.28813
0.42214
1.6333
0.47247
1.6365
0.10328
-2.5143
1.4228
0.99449
-2.0883
-0.77402
1.4366
1.7231
0.10364
0.088133
-0.28478
-1.2
1.3163
-0.7798
0.35871
-1.2436
1.363
-1.6945
-1.4218
-0.93309
-1.17
0.55175
1.3597
0.007085
-0.0022453
0.90273
0.43708
1.4173
-0.66414
0.5722
1.1499
1.4691
-0.11837
2.1841
-2.0701
-0.96836
0.20753
0.5544
-1.1932
1.5492
0.88929
0.91707
0.76902
-0.15028
-3.1024
1.3949
-0.7647
1.1893
0.54449
-1.4489
-1.0077
0.7622
0.88102
-1.2358
-0.39076
-0.17666
1.0328
-1.8136
-0.68267
0.54679
-0.61235
-1.1369
-1.8502
2.1719
1.1568
1.1675
0.2127
-1.1914
0.65006
-1.5623
1.0232
0.75566
0.93865
-2.3517
0.81134
-1.4389
1.1049
1.1697
-0.082885
0.73602
-0.30626
-1.9496
-0.31145
-0.88577
1.5402
2.1813
-1.3535
1.4935
-0.74648
0.56417
0.94511
1.24
1.4806
1.5185
0.46237
-1.9356
0.87409
-1.9284
0.41754
-0.4283
-0.55667
-1.5092
-1.3594
1.7707
-2.5409
1.9421
-0.085991
-1.3506
-1.1449
1.2746
2.2348
1.5977
1.6532
-2.3064
0.96401
3.8348
2.0433
-1.7293
1.0918
3.1217
-1.7717
0.69403
2.6632
-1.3129
1.8051
0.37996
2.7811
0.17383
-0.43841
1.1017
1.7495
2.1589
-1.1241
0.86204
0.3032
-0.21562
-1.7497
1.3148
0.053147
0.13456
0.78129
-0.41094
-1.4491
0.84802
-1.3302
0.16864
0.052556
0.49767
1.056
-0.92499
-0.26546
1.2305
1.5282
1.4047
1.1581
-2.5829
-1.2701
0.058329
-0.81098
1.7955
1.5319
-0.85685
0.40854
-0.25427
2.0848
-1.267
-0.044603
0.0076537
-0.44046
-0.53038
-0.61911
1.1844
0.85636
0.19405
-0.92731
2.3761
1.4151
1.3474
0.69742
2.068
-0.19331
-0.66278
-0.41992
-1.8029
1.4843
-0.0131
1.4274
1.5346
-0.3857
1.6369
-1.9139
0.45572
0.21035
1.9036
-0.045985
0.91041
-0.028365
1.9355
1.5181
-1.472
1.6064
0.58218
0.38191
0.43962
1.414
-1.3117
1.5332
-0.9055
0.7095
0.39939
-2.312
1.4025
0.38403
2.193
0.10488
0.27789
-0.046022
0.48761
-0.16981
-1.0632
2.7681
-1.9228
0.84476
2.0298
-0.14133
2.347
0.59668
0.53832
0.84384
1.2018
1.8633
-0.56638
-0.10883
1.1177
-0.83145
1.5546
-0.77721
1.3798
-1.8513
0.39449
0.30238
0.2136
-1.6743
1.2342
-1.5702
0.10731
-0.50095
2.6263
-2.0162
0.4092
-0.97388
1.6728
0.44672
-0.41044
-0.82162
0.65245
0.0069788
1.4598
-0.58135
0.61495
1.0031
1.8446
-1.0427
2.1825
1.6709
1.6728
1.728
0.6028
0.46646
1.2955
2.0182
0.30184
-0.84997
1.0996
0.85925
0.50461
0.57251
1.4156
0.32719
0.50001
3.1153
-0.52257
1.5782
1.7454
0.049157
0.8307
1.6195
2.1861
0.17012
0.6009
-2.3922
1.7271
-1.4442
-1.4941
1.5689
1.0354
2.1504
-0.31451
-0.87633
2.3276
0.39328
-0.952
2.2175
1.6614
0.13561
-0.83899
0.81649
-0.85476
1.0021
-1.172
-0.47178
2.2276
1.6458
1.8349
0.49057
3.0357
1.5271
0.1378
0.48131
-0.82586
-0.73271
0.98021
1.339
0.44656
-2.584
0.089251
1.0219
-1.428
-0.3618
1.2864
-2.2851
1.4939
1.2757
0.99168
-1.7889
2.6423
0.61987
-0.098907
-0.70425
1.0266
1.3027
-0.83927
1.9234
-1.8633
0.72111
-1.2808
1.1898
-0.76729
-0.88763
3.7295
1.6718
-0.17325
-3.5027
1.4906
2.4381
-0.43724
-1.5658
1.8909
2.3341
0.77542
2.915
1.072
-1.671
1.9656
0.5357
-0.62732
-1.4556
2.1579
1.8624
0.99645
1.1239
0.21137
1.8488
-0.27889
1.978
-0.13239
-0.097087
-0.3037
-0.49205
0.21462
-2.0043
1.4632
-0.62643
1.479
0.0054185
0.25574
-1.6185
1.1244
-1.0467
1.2681
0.63164
-1.8028
1.1758
0.43852
1.5685
-3.1201
0.84441
1.1655
1.9496
0.272
-1.2319
0.50202
-2.4469
0.89307
0.87834
-1.7249
0.64532
-0.24684
-0.97268
1.2786
-0.14123
0.93227
-1.5236
0.57752
1.0672
-1.6526
1.2641
-1.3813
-0.36198
-2.131
-0.37443
-2.2865
2.107
-1.4443
-1.9301
0.9418
0.98749
-1.5511
0.26418
1.755
2.4774
1.589
0.30812
0.76453
2.2807
-2.3143
-2.2012
1.5811
0.84171
0.71182
0.34857
-0.016563
0.46292
-0.25835
-2.0636
0.29242
0.91897
-0.17835
-0.073771
0.94533
0.81566
-0.61675
-0.1409
0.0097621
-0.87439
2.7693
-1.9237
2.2374
1.3967
0.31116
1.5236
1.1656
1.2991
0.23533
-0.74685
1.765
2.2486
1.489
-0.70457
1.4992
0.29564
-1.1612
-1.7057
0.57887
-1.0783
1.9495
0.46872
-0.7088
1.0425
1.9171
-2.0926
1.4865
-1.0131
0.52117
-0.075001
1.0565
-0.57938
1.0694
1.5384
-0.79949
1.7462
0.3471
-0.056125
0.64015
-1.737
1.9555
-2.6146
2.3143
1.3266
0.76633
-0.70469
0.13794
-1.1216
1.3822
1.7541
-0.48927
2.4138
1.2023
-1.7046
1.3864
0.18635
1.7119
1.2101
0.5307
-0.90848
1.996
1.1379
0.6798
-1.0205
2.0443
1.3924
1.4674
0.82111
-0.36707
-1.1438
0.95537
1.6137
1.5671
0.76905
-2.1372
-0.96012
-0.69001
-0.94516
0.98234
0.52925
1.2442
1.2595
-2.5163
-1.6556
0.53268
-0.36873
1.0505
0.72325
-0.5392
-0.58387
0.31982
1.8955
-1.5086
1.3168
0.14545
0.019053
0.26107
0.73818
0.088471
-0.96304
0.91336
-0.84773
2.1822
1.1691
-1.4572
-0.76011
1.2878
-1.1647
-0.81678
-0.87452
1.591
-1.875
0.41851
0.95691
-0.37454
0.10696
-1.1037
-2.0568
1.0269
0.37626
2.8516
1.7444
1.5494
0.83109
2.0559
-0.86952
1.9138
-0.0077627
2.8084
1.2131
2.0516
2.9329
0.88353
-0.5662
0.55844
0.23678
2.6602
1.4067
0.66081
2.1307
1.5169
-0.46588
1.0717
2.678
-0.48315
-0.27397
0.51868
1.1564
0.039083
0.84628
-2.257
0.23885
0.58843
-1.5578
0.7069
-0.91476
0.52515
1.0069
-1.7426
2.0146
0.51149
1.4066
1.0573
1.2086
0.1777
-1.627
1.06
1.8506
-0.59149
1.1863
0.49342
-0.2818
-0.83106
0.25571
-0.79327
1.0468
-0.44976
2.6386
-1.4189
1.6602
-0.61506
-1.3543
0.22233
-2.2296
0.88234
1.0154
1.2589
-2.3318
-0.44135
-0.93639
1.1079
1.1909
1.2557
1.9146
0.18195
-0.68826
-0.75886
1.0343
0.25326
-0.30616
-1.7599
1.3623
1.54
1.4093
1.4813
0.10191
-0.20113
-1.3061
1.7236
-2.0667
1.1964
-0.9472
0.80816
1.3607
0.095364
0.22801
1.0913
-2.0594
1.2898
0.97188
0.33554
0.21365
-0.84658
0.84557
1.7305
-1.0811
0.19689
-0.41375
0.46642
1.5416
-1.1154
-0.46687
-2.0622
1.1647
-1.1928
1.1355
-1.8026
-1.4588
1.4892
1.7516
0.83825
2.4961
3.0751
-2.1375
-0.24087
-0.43928
2.2491
1.6136
1.5725
0.67571
-1.9112
0.67913
-1.3797
-1.3574
1.0502
-1.2369
0.48119
-1.9387
1.3537
0.59091
-2.19
-1.0221
0.075325
-1.7037
0.98542
1.2259
-1.1905
-0.95405
2.5408
0.56559
1.1611
0.26847
2.2278
1.236
-1.1873
1.2108
-0.29086
1.2113
-0.81862
1.0182
1.0817
-0.63998
2.2724
0.74396
1.8105
-1.4206
-1.0371
2.2188
-0.88719
-0.33799
-1.5954
0.10266
1.8678
-1.3909
0.77169
1.3544
0.46178
0.19828
-0.5353
0.32216
-0.61274
0.20138
-2.2316
-2.1565
0.61585
1.5828
-0.87054
2.7963
-0.94794
-2.1315
1.2221
0.63078
0.15796
0.23952
0.19803
0.24684
-0.29012
-1.796
-0.069449
2.2248
0.45162
0.40467
1.1937
2.5315
-1.0689
1.1552
0.062585
0.34146
0.331
1.7447
-1.1883
1.2689
1.8583
-0.90954
1.5633
0.074686
1.4269
2.0261
-0.5165
0.91503
-1.6037
0.39981
0.93469
-0.4802
1.9205
1.3007
0.4284
0.42967
-1.7631
-1.4923
0.58647
0.80144
-1.7687
-0.79899
2.5695
1.1707
-2.0593
1.53
1.2786
1.5347
0.22903
-0.57243
2.501
-0.089926
-0.43236
1.8793
-0.21539
1.8953
0.9156
-0.68696
1.1784
-0.60132
1.0909
-2.2958
2.0927
-0.19056
0.89477
-1.6106
1.7311
0.23322
-0.63888
2.0033
0.70281
-1.0468
2.1619
-0.57955
0.89227
2.5346
-1.3926
0.62003
1.778
0.7401
-0.3568
1.4716
0.91512
-2.1245
0.82313
0.87622
1.6893
-0.45616
1.484
0.16318
-2.5875
-2.4769
-0.25226
0.44773
-2.1796
1.8356
-1.2653
0.19196
0.17405
2.2445
1.1098
1.3556
0.51097
0.82079
1.2706
-1.5755
2.774
2.5161
-0.37211
-0.12069
-1.8957
-1.8263
2.627
-0.32908
0.33686
-0.34147
-0.38491
-1.2971
1.88
1.5859
-0.10659
-0.17048
1.3483
0.70438
0.055259
-0.62426
1.2018
0.86723
-0.066019
0.13748
-0.10002
0.93621
-0.62775
-1.2667
1.5202
0.43294
-0.44082
0.99527
0.58847
-1.4519
0.42614
-1.1868
-0.47251
1.1881
0.097113
-1.9866
-0.070522
-0.49121
0.97433
0.58038
-0.040424
1.9985
0.48416
2.1085
-1.2165
0.2364
-0.28025
0.98126
-0.97695
-0.028219
1.0884
1.8809
3.2564
-0.22212
0.4501
-1.6558
0.65223
-1.551
3.0218
-2.1325
2.9476
-0.12259
0.60006
-2.2132
-0.2834
0.99295
-0.012417
0.59902
-1.8575
0.32668
1.3849
-0.039618
0.39574
1.4323
-0.47428
1.6127
0.099171
1.5383
-1.1018
0.74776
-0.85233
1.959
2.5062
-0.29105
1.1525
2.1565
1.3596
0.21771
-2.8344
0.27114
2.7483
0.99858
-0.85076
-1.6374
0.86329
-1.4199
1.0712
-0.14462
-0.26235
0.94513
1.132
1.1114
1.2151
0.99779
0.29328
-0.42281
1.6095
1.2527
0.83761
1.2949
-1.2302
-0.45067
-0.063717
1.1565
0.50398
0.19358
0.78664
-0.79478
0.26524
-0.41851
-0.26677
1.4343
1.1187
1.3404
-2.0692
0.39422
-0.60733
1.8857
-0.41618
0.17169
0.50441
0.6327
1.6319
-2.1836
0.11093
-0.87628
1.9582
0.97562
-0.80463
2.6399
0.58398
1.7677
0.66733
-0.1973
-0.87441
-0.35869
0.44613
-1.1877
-0.28278
-1.1689
1.1655
-0.93433
0.63933
-1.271
0.76605
-0.81641
0.22139
2.4787
-1.8495
-2.0543
1.1555
-0.60489
1.5618
-2.3892
2.0842
3.007
0.8257
1.2507
-0.60801
0.36969
-0.55114
1.3887
0.32553
-1.2006
1.3082
0.77626
-0.25711
0.46889
-0.54769
1.0869
-1.0487
0.055752
2.359
0.65405
-0.40401
-1.2612
2.1118
-0.034951
1.9736
-0.36258
0.80474
-1.5166
1.8194
0.13609
2.5617
-0.73015
0.85736
1.6052
-1.7203
-0.036421
0.14966
-0.68152
1.111
1.9176
2.0846
-0.46385
0.50686
0.78346
-1.6048
1.7612
0.72093
0.31198
0.46518
0.28367
0.21099
0.72585
0.48874
0.14375
1.1044
-0.92057
-0.57972
-1.4229
0.5219
0.16305
1.9217
0.62054
-0.97443
1.5295
-0.41342
0.97464
1.6615
-0.059134
-0.62572
-0.41372
0.47587
0.80641
-0.031484
0.09523
2.0002
-0.44231
1.5214
1.7266
2.3862
-1.76
0.51681
-0.94117
0.57719
-0.25357
-0.056461
1.5167
-1.1096
-1.9384
1.428
1.8802
-2.4603
-0.00018213
-0.68175
0.22312
-0.22891
0.24397
-1.7112
-0.82133
0.64409
1.6011
-1.0932
-0.34857
-0.077323
0.29691
1.8571
0.72611
-1.1134
0.97937
1.8022
-1.7683
-1.5082
-0.74438
1.2192
0.72915
1.2889
0.92806
-0.72377
-0.72749
-1.1982
1.0723
-1.6171
2.5738
-0.9981
0.24399
-0.32296
2.1041
1.7323
-0.56982
-0.56824
-1.6328
-0.11026
-2.5867
1.7135
1.8052
-0.35498
3.1517
2.204
-0.19719
-1.8135
-0.045671
1.4478
2.6153
-0.85954
-0.59215
1.4283
0.63758
0.048037
-1.379
1.413
1.4453
2.2733
1.3925
0.17528
1.4339
0.66607
-0.40205
0.81446
1.7849
0.14984
-0.092822
-0.9491
-0.47915
1.2662
-1.637
0.55001
-2.5018
0.37871
-0.84124
-1.4475
0.51199
-1.7582
-1.7163
1.8224
-1.1703
0.36873
1.1054
-0.92305
2.2411
-1.4648
-0.96508
1.1495
0.19939
-0.95825
1.2818
1.443
0.65756
-0.54995
0.75948
-1.2428
1.2974
0.22342
-0.22751
-0.35795
1.5674
1.5204
0.8951
-0.14808
